0701240000
0701250000
0701260000
0701270000
0701280000
0701290000
0701300000
0701310000
0702010000
0702020000
0702030000
0707030000
0707040000
0801230000
0801240000
0801250000
0803070000
0803090000
0805060000
0805070000
0805100000
0805110000
0805120000
0805130000
0805140000
0805150000
0805160000
0805170000
0805180000
0805190000
0805200000
0805210000
0805220000
0805230000
0805240000
0805250000
0805260000
0805270000
0805280000
0805290000
0805300000
0805310000
0806010000
0806020000
0810120000
0902120000
0905100000
0905110000
0905120000
0905130000
0905140000
0905150000
0905160000
0905170000
0905180000
0905190000
0905200000
0905210000
0905220000
0905230000
0905240000
0905250000
0905260000
0905270000
0905280000
0905290000
0905300000
0905310000
0906010000
0906020000
0906030000
0906040000
0906050000
0906060000
0906070000
1008100000
1008110000
1008120000
1008130000
1008140000
1008150000
1008160000
1008170000
1008180000
1008190000
1008200000
1008210000
1008220000
1008230000
1008240000
1008250000
1008260000
1008270000
1008280000
1008290000
1008300000
1008310000
1009010000
1009020000
1009030000
1009040000
1009050000
1009060000
1009070000
1009080000
1108190000
1108200000
1108210000
1108220000
1108230000
1108240000
1108250000
1108260000
1108270000
1108280000
1108290000
1108300000
1108310000
1109010000
1109020000
1109030000
1109040000
1109050000
1109060000
1109070000
1109080000
1109090000
1208300000
1208310000
1209010000
1209020000
1209030000
1209040000
1209050000
1209060000
1209070000
1209080000
1209090000
1209100000
1209110000
1209120000
1209130000
1209140000
1209150000
1209160000
1209170000
1209180000
1209190000
1209200000
1209210000
1209220000
1209230000
1209240000
1209250000
1309130000
1309140000
1309150000
1309160000
1309170000
1309180000
1309190000
1309200000
1309210000
1309220000
1309230000
1309240000
1309250000
1309260000
1309270000
1309280000
1309290000
1309300000
1310010000
1310020000
1310030000
1310040000
1310050000
1310060000
1310070000
1310080000
1310090000
1310100000
1310110000
1310120000
1310130000
